22932825
22741384
22389334
22935830
22937601
22922653
22884057
22699415
22528860
22851438
22600765
22936673
22126848
22941755
22926252
22789257
22948345
22916337
22858303
22879776
22951250
20694466
22771812
22813939
22857257
22836984
22227039
22105323
22781658
22949711
22685344
22854976
22953082
22876974
22931547
22902646
22941238
22634039
22932191
22817031
22919544
22913808
22948294
22909741
22869473
22873148
22794834
22936056
22629852
22954983
22910058
22950780
22838180
22942603
22915144
22864499
22633902
22873807
22945831
22922002
22941748
21401613
22942865
22941421
22876846
22912760
22951868
21665364
22942258
22925695
18806587
22856090
22924914
22824043
22666529
22846746
22204380
22829314
22948704
22801740
22794124
22890370
22018230
20744004
22930489
22952540
22783033
22938629
22404016
22916780
22860851
22019321
22954589
22944860
22300138
22800518
22739966
22845560
22619392
20104812
22848761
22951728
22833569
22921357
22949672
22679890
22156034
22918389
22637967
22940547
22940577
22788301
22934027
22516083
22853347
22952383
22950690
22759164
22950651
22923702
22816764
22861695
22890242
22707259
22914447
22930837
22880383
22489154
22951356
22955045
22948452
22477723
22809333
22544543
22701834
22914202
22816487
22835982
22696738
22573154
22863726
22799259
22553565
22915769
22880003
22899213
22934349
22930046
22800873
22586348
22952041
22663083
22926907
22941583
22443522
22875747
22871085
22928960
22922601
22882610
22944463
22511019
22477297
22837291
22879742
22700886
22890031
22781896
22782067
22928653
22938750
21946746
22833422
22934274
22597464
22726034
22307489
22912019
22932172
22912571
22667817
22838939
22238147
22425565
22717497
22822275
22805772
22911743
22948751
22939989
22861416
22890366
22819213
22948236
22839298
22937839
22408691
22820747
22834135
22778499
21668377
22948262
22943843
22539197
18352374
21427281
22942544
22939727
22928342
22921033
22060917
21810091
22828774
22290449
22924451
22787082
22021807
22745644
22721936
22755666
22405909
20573931
22849402
22828124
22913515
22575248
22813251
22553255
22893286
22932626
22855485
22924313
22670083
22911388
22875832
22811218
22260562
22952523
22951729
22413020
22930503
22932410
22931760
22377733
22867055
22892539
22819135
21382685
22948092
22655691
20633556
22912005
22809440
22576470
22755593
22851744
22788651
22912888
22951901
22878118
22582994
22883109
22866535
22723880
22954893
22897099
22944515
22682054
22745870
22926908
22925163
22928484
22908960
22460426
22912391
20832759
22626625
22830775
22550608
21955618
22932412
22902260
22929086
22716554
22746444
22942781
22729274
22877354
22885837
22936973
22302202
22912242
22924663
22855600
21351055
22457104
22939647
22934927
22671070
22439654
22770137
22916397
22952727
22891936
22950365
22949781
22738124
22944872
22944184
22941424
22292958
22933210
22932510
22850624
22927215
22675202
22845173
22909025
22805919
22876152
22953722
22952461
22517015
22940883
22952550
22126943
22440743
22943303
22938768
22938850
22170302
22713943
20382516
22931110
22923937
22751647
22911854
22781457
22794646
22798934
22927878
22806414
22831367
22923476
22830182
22083923
22448179
22935046
22928892
22924722
22904471
22868681
21619130
22271936
22500423
22562665
22948469
22703708
22720712
22655879
22759861
22457752
22878037
22892302
21081165
22707505
22731144
22951126
22865094
22661538
22952136
22845138
22670193
22767014
22648854
22864151
22915973
22930163
22915242
22912873
22940243
22908927
22936431
22931102
22929530
22711817
22921938
22824340
22914217
22828191
22863441
22499834
22726976
22770750
22954465
22952251
20845304
22782668
22303287
22926899
22899444
22867942
22431292
22807789
21732583
22912171
22666087
22460622
21746569
22946073
22825696
22936556
22929857
22925861
19871882
22918744
22915292
22781548
22876644
22326049
20004140
22742962
22142688
22955135
22854767
22631906
22948084
22947857
22851260
22286010
22784344
22924293
22933627
21392825
20753555
22918867
22915584
22811970
22638471
22944450
22884469
22954826
22839328
22945552
22954674
22898156
22389362
21333857
22890758
22820415
22896642
22804660
22940331
22946790
22898341
22831236
22945140
22909968
22938424
22932135
22924687
22384589
21980212
22913646
22913040
22147734
22868002
22748874
22795342
22273541
22580029
22920244
22910184
22825549
22859146
22800284
22744006
22954914
22954870
22954009
22877945
22770476
22685382
22590412
21344143
22954631
22908700
22920596
22924521
22676460
22953797
22952001
22953380
22953175
22952581
22951324
22944698
22733309
22565070
22827235
